		n^2(final)	n log n (final)		qsort (final)		n (final)
5		0,00000000	0,000000000		0,000000000		0,000000000	
10		0,00000000	0,000000000		0,000000000		0,000000000	
100		0,00000000	0,000000000		0,000000000		0,000000000	
1000		0,00500000	0,000000000		0,000000000		0,000000000	
10000		0,28833333	0,002500000		0,002666667		0,000000000	
100000		27,0511667	0,012500000		0,012833333		0,000000000	
1000000		n/a		0,128833333		0,178000000		0,003500000	
10000000	n/a		1,322666667		0,882666667		0,023833333	
100000000	n/a		13,79483333		10,38150000		0,221833333
